Date	Time	T1 (ex):	T2 (in)	T3 (in)	T4 (ex)	P1	P2
20Jan16	15:04	8.5	14.3	11.4	14.4	-34.5	65.6
20Jan16	15:05	9.3	14.4	11.1	14.4	-26.5	-3.1
20Jan16	15:06	9.6	14.6	10.0	14.5	-20.1	-4.7
20Jan16	15:07	9.9	14.8	8.7	14.7	-17.2	-10.1
20Jan16	15:08	10.1	14.9	9.2	14.8	-14.7	-15.8
20Jan16	15:09	10.3	15.0	9.8	14.9	-14.0	-19.9
20Jan16	15:10	10.5	15.0	10.1	14.9	-12.6	-27.7
20Jan16	15:11	10.7	15.1	10.3	15.0	-8.7	38.2
20Jan16	15:12	10.7	15.1	10.4	15.0	-6.2	34.6
20Jan16	15:13	10.8	15.2	10.5	15.2	-7.6	27.9
20Jan16	15:14	10.8	15.2	10.5	15.2	-7.6	27.9
20Jan16	15:15	9.1	21.7	-0.6	15.1	-4.9	30.2
20Jan16	15:16	10.0	6.0	10.2	6.1	-3.0	30.0
20Jan16	15:17	10.0	6.0	10.3	6.2	4.8	35.4
20Jan16	15:18	10.1	6.1	10.4	6.2	3.1	36.1
20Jan16	15:19	10.2	6.1	10.4	6.2	9.1	43.7
20Jan16	15:20	10.2	6.1	10.4	6.2	16.5	48.5
20Jan16	15:21	10.3	6.1	10.5	6.2	17.2	53.7
20Jan16	15:22	10.3	6.1	10.5	6.2	17.5	55.0
20Jan16	15:23	10.4	6.1	10.7	6.2	13.4	54.6
20Jan16	15:24	10.5	6.2	10.7	6.4	15.9	52.1
20Jan16	15:25	10.5	6.3	10.7	6.5	11.2	50.8
20Jan16	15:26	10.5	6.3	10.7	6.4	9.0	50.1
20Jan16	15:27	10.4	6.2	10.7	6.4	10.6	50.2
20Jan16	15:28	10.4	6.2	10.6	6.4	12.0	52.6
20Jan16	15:29	10.4	6.2	10.6	6.3	14.1	52.7
20Jan16	15:30	10.5	6.2	10.7	6.4	12.6	54.9
20Jan16	15:31	10.5	6.2	10.7	6.4	15.1	56.6
20Jan16	15:32	10.5	6.2	10.7	6.4	15.4	56.8
20Jan16	15:33	10.5	6.1	10.7	6.2	14.0	58.3
20Jan16	15:34	10.5	6.2	10.7	6.3	15.7	57.5
20Jan16	15:35	10.5	6.2	10.8	6.3	14.9	59.5
20Jan16	15:36	10.5	6.2	10.8	6.4	14.9	59.6
20Jan16	15:37	10.5	6.2	10.8	6.3	16.7	62.9
20Jan16	15:38	10.6	6.2	10.8	6.4	16.7	62.8
20Jan16	15:39	10.5	6.2	10.8	6.4	15.6	62.9
20Jan16	15:40	10.6	6.2	10.8	6.4	18.3	63.0
20Jan16	15:41	10.5	6.2	10.9	6.5	16.4	63.7
20Jan16	15:42	10.6	6.2	10.9	6.4	18.3	64.9
20Jan16	15:43	10.5	6.1	10.8	6.2	18.3	65.3
20Jan16	15:44	10.6	6.2	10.9	6.4	19.2	65.4
20Jan16	15:45	10.5	6.2	10.9	6.3	18.4	64.6
20Jan16	15:46	10.7	6.3	11.0	6.4	18.4	66.4
20Jan16	15:47	10.6	6.2	11.0	6.4	19.3	67.3
20Jan16	15:48	10.7	6.2	11.0	6.5	20.4	67.5
20Jan16	15:49	10.6	6.2	10.9	6.3	19.2	67.5
20Jan16	15:50	10.6	6.2	10.9	6.4	18.5	66.3
20Jan16	15:51	10.7	6.2	10.9	6.4	20.5	69.7
20Jan16	15:52	10.6	6.1	10.9	6.2	20.4	70.4
20Jan16	15:53	10.7	6.2	11.0	6.4	21.3	70.9
20Jan16	15:54	10.7	6.2	11.0	6.4	21.2	71.3
20Jan16	15:55	10.7	6.1	11.0	6.2	21.8	71.5
20Jan16	15:56	10.7	6.1	11.0	6.3	21.7	71.9
20Jan16	15:57	10.8	6.2	11.0	6.4	21.5	70.8
20Jan16	15:58	10.8	6.2	11.0	6.4	21.6	70.6
20Jan16	15:59	10.8	6.2	11.0	6.3	22.5	70.9
20Jan16	16:00	10.8	6.2	11.0	6.3	21.7	70.4
20Jan16	16:01	10.7	6.2	11.0	6.3	19.0	71.4
20Jan16	16:02	10.7	6.1	11.0	6.3	19.4	71.2
20Jan16	16:03	10.7	6.1	11.0	6.3	22.3	71.1
20Jan16	16:04	10.7	6.2	11.0	6.3	21.8	72.9
20Jan16	16:05	10.7	6.1	11.0	6.3	19.9	73.0
20Jan16	16:06	10.7	6.0	11.0	6.1	20.1	73.3
20Jan16	16:07	10.8	6.0	11.0	6.2	22.8	73.5
20Jan16	16:08	10.9	6.2	11.1	6.3	24.7	73.9
20Jan16	16:09	10.9	6.2	11.1	6.3	22.9	73.7
20Jan16	16:10	10.9	6.2	11.1	6.3	25.2	76.0
20Jan16	16:11	10.9	6.2	11.1	6.2	23.4	74.0
20Jan16	16:12	10.8	6.1	11.1	6.3	23.5	75.1
20Jan16	16:13	10.9	6.1	11.1	6.3	22.5	75.9
20Jan16	16:14	10.8	6.1	11.1	6.2	22.3	76.5
20Jan16	16:15	10.8	6.1	11.1	6.3	22.2	77.3
20Jan16	16:16	10.8	6.0	11.1	6.2	24.2	78.6
20Jan16	16:17	10.8	6.1	11.1	6.2	24.7	76.7
20Jan16	16:18	10.8	6.0	11.1	6.2	22.4	76.0
20Jan16	16:19	10.8	6.1	11.1	6.2	24.5	76.5
20Jan16	16:20	11.0	6.2	11.2	6.3	21.8	77.0
20Jan16	16:21	11.0	6.2	11.3	6.3	25.1	76.9
20Jan16	16:22	11.0	6.2	11.3	6.3	22.7	76.9
20Jan16	16:23	11.0	6.1	11.2	6.3	22.2	77.2
20Jan16	16:24	11.0	6.1	11.3	6.3	25.3	77.2
20Jan16	16:25	11.0	6.1	11.2	6.3	25.1	78.7
20Jan16	16:26	11.0	6.1	11.3	6.3	25.6	78.1
20Jan16	16:27	11.0	6.2	11.3	6.4	25.7	78.3
20Jan16	16:28	11.0	6.2	11.2	6.3	26.0	78.2
20Jan16	16:29	11.0	6.1	11.2	6.3	24.4	77.8
20Jan16	16:30	10.9	6.1	11.2	6.2	23.2	78.2
20Jan16	16:31	11.0	6.1	11.2	6.3	23.9	77.6
20Jan16	16:32	11.0	6.0	11.2	6.2	24.6	78.3
20Jan16	16:33	11.0	6.1	11.3	6.3	24.7	78.8
20Jan16	16:34	11.0	6.1	11.3	6.3	25.1	77.0
20Jan16	16:35	11.0	6.1	11.3	6.2	22.9	75.9
20Jan16	16:36	11.0	6.1	11.3	6.3	23.1	76.6
20Jan16	16:37	11.0	6.1	11.3	6.2	25.4	79.4
20Jan16	16:38	11.0	6.1	11.3	6.2	24.4	78.4
20Jan16	16:39	11.0	6.2	11.4	6.4	26.3	79.5
20Jan16	16:40	11.0	6.1	11.3	6.2	25.7	76.6
20Jan16	16:41	11.0	6.1	11.3	6.2	27.0	77.8
20Jan16	16:42	11.0	6.0	11.3	6.2	25.5	80.7
20Jan16	16:43	11.0	6.0	11.3	6.2	26.0	78.9
20Jan16	16:44	11.0	6.0	11.3	6.2	22.9	78.8
20Jan16	16:45	11.1	6.1	11.4	6.2	26.2	80.7
20Jan16	16:46	11.1	6.2	11.4	6.2	25.2	80.0
20Jan16	16:47	11.1	6.1	11.4	6.2	23.8	79.1
20Jan16	16:48	11.1	6.0	11.4	6.2	27.0	80.2
20Jan16	16:49	11.1	5.9	11.4	6.1	27.3	82.0
20Jan16	16:50	11.1	6.0	11.4	6.2	26.3	79.8
20Jan16	16:51	11.1	6.1	11.4	6.2	24.6	81.4
20Jan16	16:52	11.1	6.0	11.4	6.2	25.3	81.1
20Jan16	16:53	11.1	6.0	11.4	6.2	25.2	81.8
20Jan16	16:54	11.1	6.0	11.4	6.2	24.5	82.3
20Jan16	16:55	11.1	6.0	11.4	6.1	26.2	83.3
20Jan16	16:56	11.1	6.0	11.4	6.2	24.7	83.1
20Jan16	16:57	11.1	6.0	11.4	6.2	26.5	82.6
20Jan16	16:58	11.2	6.1	11.5	6.2	26.0	80.2
20Jan16	16:59	11.2	6.2	11.5	6.2	27.0	81.4
20Jan16	17:00	11.2	6.1	11.5	6.2	25.6	82.3
20Jan16	17:01	11.2	6.1	11.5	6.2	27.4	81.0
20Jan16	17:02	11.2	6.1	11.5	6.2	27.3	81.6
20Jan16	17:03	11.2	6.0	11.5	6.2	26.1	91.6
20Jan16	17:04	11.2	5.9	11.5	6.1	23.8	83.4
20Jan16	17:05	11.2	6.1	11.5	6.1	23.8	82.6
20Jan16	17:06	11.2	6.1	11.5	6.2	25.2	82.5
20Jan16	17:07	11.1	6.0	11.5	6.2	24.6	82.3
20Jan16	17:08	11.2	6.0	11.5	6.2	26.7	81.7
20Jan16	17:09	11.2	6.1	11.5	6.1	25.0	82.7
20Jan16	17:10	11.2	6.0	11.5	6.2	25.7	82.6
20Jan16	17:11	11.2	6.1	11.5	6.2	27.2	82.0
20Jan16	17:12	11.2	6.0	11.5	6.2	26.2	82.9
20Jan16	17:13	11.2	5.9	11.4	6.1	25.4	81.0
20Jan16	17:14	11.2	5.9	11.4	6.1	27.2	81.0
20Jan16	17:15	11.2	5.8	11.5	6.0	25.2	82.7
20Jan16	17:16	11.3	6.1	11.6	6.2	26.5	83.8
20Jan16	17:17	11.3	6.0	11.6	6.2	27.0	82.7
20Jan16	17:18	11.3	6.0	11.6	6.2	25.1	84.6
20Jan16	17:19	11.3	5.9	11.6	6.1	25.7	82.9
20Jan16	17:20	11.3	6.0	11.6	6.2	26.8	84.6
20Jan16	17:21	11.3	6.0	11.6	6.2	26.2	81.9
20Jan16	17:22	11.3	6.1	11.6	6.2	29.2	85.3
20Jan16	17:23	11.3	6.0	11.6	6.2	28.6	86.2
20Jan16	17:24	11.3	6.0	11.6	6.2	29.0	86.2
20Jan16	17:25	11.3	5.9	11.6	6.0	28.5	86.1
20Jan16	17:26	11.3	5.9	11.5	6.1	29.2	87.8
20Jan16	17:27	11.3	5.9	11.6	6.0	27.9	87.7
20Jan16	17:28	11.3	6.0	11.6	6.2	26.9	87.0
20Jan16	17:29	11.3	5.8	11.6	5.9	29.2	85.8
20Jan16	17:30	11.3	5.9	11.6	6.0	28.9	89.0
20Jan16	17:31	11.3	5.9	11.6	6.0	27.8	87.6
20Jan16	17:32	11.3	5.9	11.6	6.0	26.9	87.8
20Jan16	17:33	11.3	5.9	11.6	6.1	28.2	87.4
20Jan16	17:34	11.4	6.0	11.7	6.1	27.9	86.8
20Jan16	17:35	11.4	6.0	11.7	6.2	28.7	87.6
20Jan16	17:36	11.4	6.0	11.7	6.2	26.6	85.9
20Jan16	17:37	11.4	6.0	11.7	6.2	27.0	85.6
20Jan16	17:38	11.4	5.9	11.7	6.1	27.6	86.8
20Jan16	17:39	11.4	6.0	11.7	6.1	26.7	85.5
20Jan16	17:40	11.4	6.0	11.7	6.2	26.5	84.8
20Jan16	17:41	11.4	5.9	11.7	6.0	27.0	85.2
20Jan16	17:42	11.4	6.1	11.7	6.1	28.6	85.8
20Jan16	17:43	11.4	6.0	11.7	6.2	28.3	85.9
20Jan16	17:44	11.3	5.8	11.7	6.1	26.2	87.5
20Jan16	17:45	11.4	6.0	11.7	6.2	27.4	86.5
20Jan16	17:46	11.3	5.9	11.7	6.1	28.1	89.1
20Jan16	17:47	11.4	5.9	11.7	6.0	27.7	84.7
20Jan16	17:48	11.3	6.0	11.7	6.2	27.9	85.0
20Jan16	17:49	11.4	5.8	11.6	5.9	29.8	86.5
20Jan16	17:50	11.4	5.9	11.6	6.0	26.3	86.6
20Jan16	17:51	11.3	6.0	11.7	6.1	27.7	86.7
20Jan16	17:52	11.4	6.0	11.7	6.1	28.8	87.8
20Jan16	17:53	11.5	6.0	11.7	6.1	27.6	88.2
20Jan16	17:54	11.5	6.0	11.8	6.2	28.1	88.6
20Jan16	17:55	11.5	6.0	11.7	6.1	28.9	87.5
20Jan16	17:56	11.5	6.1	11.8	6.2	27.4	88.1
20Jan16	17:57	11.5	5.9	11.8	6.1	29.3	87.5
20Jan16	17:58	11.4	5.9	11.8	6.1	25.9	86.1
20Jan16	17:59	11.5	5.9	11.7	6.0	29.2	88.7
20Jan16	18:00	11.5	6.0	11.8	6.2	27.2	89.2
20Jan16	18:01	11.4	5.9	11.7	6.1	27.3	88.4
20Jan16	18:02	11.4	5.9	11.8	6.1	27.3	88.9
20Jan16	18:03	11.4	6.0	11.8	6.1	28.9	88.2
20Jan16	18:04	11.4	5.9	11.8	6.2	26.1	88.8
20Jan16	18:05	11.4	5.9	11.7	6.0	27.7	89.3
20Jan16	18:06	11.5	5.9	11.7	6.0	28.5	90.3
20Jan16	18:07	11.4	5.9	11.7	6.1	29.2	90.4
20Jan16	18:08	11.4	5.8	11.7	6.0	28.8	89.5
20Jan16	18:09	11.4	5.9	11.7	6.0	28.7	88.4
20Jan16	18:10	11.4	5.8	11.7	6.0	28.3	89.4
20Jan16	18:11	11.4	5.9	11.7	6.0	28.8	89.9
20Jan16	18:12	11.5	5.9	11.8	6.1	28.4	87.8
20Jan16	18:13	11.5	6.0	11.9	6.2	29.3	89.6
20Jan16	18:14	11.5	6.0	11.8	6.2	27.7	90.1
20Jan16	18:15	11.5	5.9	11.8	6.1	28.9	85.9
20Jan16	18:16	11.5	5.9	11.8	6.1	28.3	89.7
20Jan16	18:17	11.5	6.0	11.9	6.1	31.1	90.1
20Jan16	18:18	11.5	6.0	11.9	6.2	29.2	86.7
20Jan16	18:19	11.5	6.0	11.9	6.2	28.4	89.2
20Jan16	18:20	11.5	5.9	11.8	6.1	28.9	92.2
20Jan16	18:21	11.5	5.9	11.9	6.1	29.2	91.7
20Jan16	18:22	11.5	5.9	11.8	6.1	30.2	89.9
20Jan16	18:23	11.5	5.8	11.8	6.0	29.8	92.5
20Jan16	18:24	11.5	5.9	11.9	6.1	28.9	91.3
20Jan16	18:25	11.5	5.8	11.8	6.0	28.2	89.5
20Jan16	18:26	11.5	5.9	11.8	6.1	28.0	89.2
20Jan16	18:27	11.5	6.0	11.9	6.2	32.8	93.7
20Jan16	18:28	11.5	6.1	11.9	6.2	30.0	91.4
20Jan16	18:29	11.5	5.8	11.8	6.0	30.5	92.0
20Jan16	18:30	11.5	5.8	11.8	6.0	31.3	91.4
20Jan16	18:31	11.5	5.9	11.8	6.1	32.8	91.8
20Jan16	18:32	11.6	5.9	11.9	6.1	29.5	89.4
20Jan16	18:33	11.6	6.0	11.9	6.2	29.9	89.7
20Jan16	18:34	11.6	5.9	11.9	6.1	29.6	88.1
20Jan16	18:35	11.6	6.0	11.9	6.2	29.3	90.7
20Jan16	18:36	11.6	6.0	11.9	6.2	30.3	91.5
20Jan16	18:37	11.6	6.0	11.9	6.2	32.1	92.7
20Jan16	18:38	11.7	6.1	12.0	6.2	29.7	92.0
20Jan16	18:39	11.6	6.1	12.0	6.3	30.5	91.7
20Jan16	18:40	11.6	6.0	11.9	6.2	31.8	90.3
20Jan16	18:41	11.6	6.0	11.9	6.2	32.1	91.6
20Jan16	18:42	11.6	6.0	11.9	6.2	30.5	92.9
20Jan16	18:43	11.6	6.0	11.9	6.1	31.6	91.5
20Jan16	18:44	11.6	6.0	11.9	6.1	30.7	91.7
20Jan16	18:45	11.6	5.9	11.9	6.0	30.8	91.0
20Jan16	18:46	11.6	5.9	11.8	6.0	33.1	92.7
20Jan16	18:47	11.7	6.0	11.9	6.2	30.6	91.7
20Jan16	18:48	11.6	6.0	11.9	6.2	30.4	91.8
20Jan16	18:49	11.6	6.1	11.9	6.2	28.8	90.9
20Jan16	18:50	11.6	6.1	12.0	6.2	30.4	90.2
20Jan16	18:51	11.6	6.0	11.9	6.2	28.3	91.1
20Jan16	18:52	11.6	6.0	11.9	6.2	29.5	93.5
20Jan16	18:53	11.6	6.0	11.9	6.1	29.6	91.4
20Jan16	18:54	11.6	6.0	11.9	6.2	30.5	89.7
20Jan16	18:55	11.6	6.0	11.9	6.2	30.3	94.2
20Jan16	18:56	11.6	5.9	11.9	6.0	32.7	91.3
20Jan16	18:57	11.7	6.1	12.0	6.2	31.5	92.9
20Jan16	18:58	11.7	6.1	12.0	6.2	30.4	90.9
20Jan16	18:59	11.7	6.0	12.0	6.1	32.8	92.0
20Jan16	19:00	11.7	5.9	12.0	6.1	29.7	92.0
20Jan16	19:01	11.7	6.1	12.0	6.2	32.5	95.8
20Jan16	19:02	11.7	6.0	12.0	6.2	30.7	93.6
20Jan16	19:03	11.7	6.1	12.0	6.2	32.1	95.2
20Jan16	19:04	11.7	6.1	12.0	6.2	33.3	93.3
20Jan16	19:05	11.7	6.1	12.0	6.2	31.2	92.3
20Jan16	19:06	11.7	6.1	12.0	6.2	31.0	95.2
20Jan16	19:07	11.8	6.1	12.0	6.2	32.8	94.8
20Jan16	19:08	11.7	6.0	12.0	6.2	30.8	95.8
20Jan16	19:09	11.8	6.1	12.0	6.2	31.5	95.4
20Jan16	19:10	11.7	6.1	12.0	6.2	30.2	94.2
20Jan16	19:11	11.7	6.1	12.0	6.2	29.9	96.1
20Jan16	19:12	11.8	6.1	12.0	6.1	32.1	95.5
20Jan16	19:13	11.8	6.0	12.0	6.2	32.3	95.6
20Jan16	19:14	11.7	6.0	12.0	6.1	31.9	96.2
20Jan16	19:15	11.8	6.0	12.0	6.2	32.7	93.9
20Jan16	19:16	11.7	6.1	12.0	6.2	33.2	95.3
20Jan16	19:17	11.7	6.0	12.0	6.2	32.0	95.3
20Jan16	19:18	11.8	6.1	12.0	6.3	33.5	95.6
20Jan16	19:19	11.8	6.0	12.0	6.1	34.4	94.1
20Jan16	19:20	11.8	6.0	12.0	6.2	31.8	94.8
20Jan16	19:21	11.7	6.0	12.0	6.1	31.2	96.5
20Jan16	19:22	11.8	6.0	12.0	6.1	33.4	94.9
20Jan16	19:23	11.9	6.2	12.1	6.4	32.3	95.9
20Jan16	19:24	11.9	6.1	12.1	6.3	33.5	95.9
20Jan16	19:25	11.9	6.2	12.1	6.2	33.9	97.8
20Jan16	19:26	11.9	6.2	12.1	6.4	32.8	95.2
20Jan16	19:27	11.9	6.2	12.1	6.3	33.1	96.5
20Jan16	19:28	11.9	6.2	12.1	6.4	31.7	98.0
20Jan16	19:29	11.8	6.2	12.1	6.3	32.7	95.5
20Jan16	19:30	11.9	6.2	12.1	6.4	31.8	94.8
20Jan16	19:31	11.9	6.2	12.1	6.3	32.8	97.0
20Jan16	19:32	11.9	6.2	12.1	6.3	30.8	96.7
20Jan16	19:33	11.8	6.1	12.1	6.3	33.1	96.6
20Jan16	19:34	11.9	6.2	12.1	6.3	31.0	95.8
20Jan16	19:35	11.8	6.2	12.1	6.3	31.7	94.0
20Jan16	19:36	11.8	6.2	12.1	6.4	33.4	94.6
20Jan16	19:37	11.9	6.2	12.1	6.3	32.1	96.9
20Jan16	19:38	11.9	6.2	12.1	6.3	33.3	95.4
20Jan16	19:39	11.8	6.2	12.1	6.3	31.8	96.9
20Jan16	19:40	11.9	6.1	12.1	6.3	34.4	95.8
20Jan16	19:41	11.8	6.1	12.1	6.3	32.5	96.8
20Jan16	19:42	11.9	6.1	12.1	6.2	32.5	95.1
20Jan16	19:43	11.9	6.2	12.1	6.3	34.6	98.4
20Jan16	19:44	11.9	6.2	12.1	6.3	33.8	99.0
20Jan16	19:45	11.8	6.2	12.1	6.4	31.5	97.3
20Jan16	19:46	11.9	6.2	12.1	6.4	35.0	98.8
20Jan16	19:47	11.9	6.2	12.2	6.4	33.1	96.7
20Jan16	19:48	12.0	6.3	12.2	6.4	33.1	97.8
20Jan16	19:49	11.9	6.3	12.2	6.5	30.5	97.1
20Jan16	19:50	12.0	6.4	12.2	6.6	34.0	97.2
20Jan16	19:51	12.0	6.4	12.2	6.6	31.7	97.4
20Jan16	19:52	12.0	6.3	12.2	6.5	32.9	96.0
20Jan16	19:53	11.9	6.3	12.2	6.4	30.6	96.7
20Jan16	19:54	11.9	6.3	12.2	6.4	34.5	94.5
20Jan16	19:55	12.0	6.3	12.2	6.4	34.3	95.7
20Jan16	19:56	11.9	6.3	12.2	6.4	31.9	97.1
20Jan16	19:57	11.9	6.2	12.1	6.4	31.9	98.0
20Jan16	19:58	11.9	6.4	12.2	6.6	34.4	96.6
20Jan16	19:59	11.9	6.3	12.2	6.4	32.6	96.5
20Jan16	20:00	12.0	6.3	12.2	6.5	33.8	95.4
20Jan16	20:01	12.0	6.3	12.2	6.4	34.8	100.1
20Jan16	20:02	12.0	6.4	12.2	6.5	35.4	99.0
20Jan16	20:03	12.0	6.2	12.1	6.3	35.4	95.9
20Jan16	20:04	12.0	6.2	12.2	6.5	34.3	97.2
20Jan16	20:05	12.0	6.2	12.2	6.4	34.8	97.7
20Jan16	20:06	12.0	6.2	12.2	6.3	37.3	99.3
20Jan16	20:07	11.9	6.2	12.2	6.3	35.1	98.9
20Jan16	20:08	11.9	6.2	12.2	6.4	35.3	99.1
20Jan16	20:09	11.9	6.2	12.2	6.4	33.1	99.1
20Jan16	20:10	11.9	6.2	12.2	6.4	34.0	99.0
20Jan16	20:11	12.0	6.3	12.3	6.5	33.0	99.4
20Jan16	20:12	12.0	6.3	12.3	6.5	35.0	98.1
20Jan16	20:13	12.0	6.3	12.3	6.5	33.7	99.2
20Jan16	20:14	12.0	6.2	12.3	6.4	32.6	96.8
20Jan16	20:15	12.0	6.3	12.3	6.4	34.4	96.8
20Jan16	20:16	12.0	6.2	12.2	6.4	35.9	97.7
20Jan16	20:17	12.0	6.2	12.2	6.4	34.4	98.4
20Jan16	20:18	12.0	6.4	12.3	6.5	34.4	99.1
20Jan16	20:19	12.0	6.2	12.2	6.4	35.9	99.5
20Jan16	20:20	12.0	6.3	12.3	6.5	35.5	99.4
20Jan16	20:21	12.0	6.2	12.2	6.3	33.8	99.7
20Jan16	20:22	12.0	6.2	12.2	6.4	33.7	99.5
20Jan16	20:23	12.0	6.2	12.2	6.2	34.0	99.1
20Jan16	20:24	12.0	6.2	12.2	6.3	34.8	98.3
20Jan16	20:25	12.0	6.3	12.2	6.4	33.6	97.8
20Jan16	20:26	12.0	6.2	12.3	6.3	32.8	98.8
20Jan16	20:27	12.0	6.3	12.3	6.5	34.5	100.1
20Jan16	20:28	12.0	6.3	12.3	6.4	34.3	100.2
20Jan16	20:29	12.0	6.3	12.3	6.4	34.6	98.1
20Jan16	20:30	12.0	6.3	12.3	6.4	36.0	96.5
20Jan16	20:31	12.0	6.2	12.3	6.4	34.1	100.0
20Jan16	20:32	12.0	6.3	12.3	6.4	36.0	100.3
20Jan16	20:33	12.0	6.3	12.3	6.4	33.5	99.6
20Jan16	20:34	12.0	6.3	12.2	6.5	34.4	98.7
20Jan16	20:35	12.0	6.2	12.3	6.4	33.7	99.8
20Jan16	20:36	12.0	6.3	12.2	6.4	35.3	98.9
20Jan16	20:37	12.1	6.3	12.3	6.5	34.1	100.4
20Jan16	20:38	12.1	6.5	12.4	6.7	33.6	98.9
20Jan16	20:39	12.1	6.3	12.4	6.6	33.7	97.1
20Jan16	20:40	12.0	6.3	12.3	6.5	33.3	101.5
20Jan16	20:41	12.1	6.3	12.4	6.5	35.7	98.6
20Jan16	20:42	12.1	6.3	12.3	6.5	33.9	99.3
20Jan16	20:43	12.1	6.3	12.4	6.5	34.1	99.2
20Jan16	20:44	12.1	6.3	12.3	6.4	34.7	101.0
20Jan16	20:45	12.1	6.4	12.4	6.5	33.5	101.0
20Jan16	20:46	12.1	6.4	12.4	6.5	35.7	100.6
20Jan16	20:47	12.1	6.4	12.4	6.5	35.7	101.5
20Jan16	20:48	12.1	6.4	12.4	6.4	34.3	100.6
20Jan16	20:49	12.1	6.3	12.4	6.4	33.3	100.3
20Jan16	20:50	12.1	6.4	12.3	6.4	34.4	96.3
20Jan16	20:51	12.1	6.4	12.3	6.5	36.1	101.3
20Jan16	20:52	12.1	6.4	12.4	6.5	36.6	101.3
20Jan16	20:53	12.1	6.5	12.4	6.6	34.8	102.0
20Jan16	20:54	12.1	6.5	12.4	6.7	35.0	101.0
20Jan16	20:55	12.0	6.2	12.3	6.3	34.0	100.4
20Jan16	20:56	12.1	6.3	12.3	6.4	34.9	101.3
20Jan16	20:57	12.0	6.3	12.4	6.5	35.4	103.5
20Jan16	20:58	12.0	6.3	12.4	6.6	37.1	100.7
20Jan16	20:59	12.1	6.4	12.4	6.5	35.4	100.0
20Jan16	21:00	12.1	6.4	12.4	6.5	34.9	102.5
20Jan16	21:01	12.1	6.3	12.3	6.5	35.4	102.1
20Jan16	21:02	12.1	6.3	12.3	6.5	35.1	103.3
20Jan16	21:03	12.1	6.4	12.4	6.5	35.4	103.5
20Jan16	21:04	12.1	6.4	12.3	6.5	35.7	102.5
20Jan16	21:05	12.2	6.5	12.5	6.6	36.4	101.4
20Jan16	21:06	12.2	6.5	12.5	6.7	35.8	103.8
20Jan16	21:07	12.2	6.5	12.5	6.7	35.5	102.7
20Jan16	21:08	12.2	6.5	12.5	6.6	35.7	100.0
20Jan16	21:09	12.2	6.4	12.4	6.6	36.4	100.4
20Jan16	21:10	12.1	6.4	12.4	6.6	35.5	101.7
20Jan16	21:11	12.1	6.5	12.4	6.6	36.8	101.5
20Jan16	21:12	12.2	6.4	12.4	6.6	38.1	103.3
20Jan16	21:13	12.1	6.5	12.4	6.6	36.6	102.9
20Jan16	21:14	12.2	6.5	12.4	6.6	36.0	103.9
20Jan16	21:15	12.2	6.4	12.4	6.6	37.5	103.6
20Jan16	21:16	12.2	6.5	12.5	6.6	36.2	102.4
20Jan16	21:17	12.1	6.4	12.4	6.5	36.0	103.5
20Jan16	21:18	12.2	6.4	12.5	6.6	34.7	102.5
20Jan16	21:19	12.2	6.4	12.4	6.5	37.5	100.4
20Jan16	21:20	12.2	6.4	12.5	6.7	36.3	102.5
20Jan16	21:21	12.2	6.4	12.4	6.6	36.7	104.6
20Jan16	21:22	12.2	6.5	12.4	6.6	37.8	103.2
20Jan16	21:23	12.1	6.5	12.4	6.6	36.4	102.3
20Jan16	21:24	12.1	6.4	12.4	6.7	38.6	101.7
20Jan16	21:25	12.2	6.4	12.4	6.6	38.1	103.4
20Jan16	21:26	12.2	6.4	12.4	6.6	36.8	102.9
20Jan16	21:27	12.1	6.4	12.4	6.5	37.3	102.5
20Jan16	21:28	12.2	6.5	12.4	6.6	35.4	100.2
20Jan16	21:29	12.3	6.5	12.5	6.6	36.6	103.7
20Jan16	21:30	12.3	6.5	12.5	6.7	36.4	103.4
20Jan16	21:31	12.3	6.5	12.5	6.7	35.9	101.9
20Jan16	21:32	12.3	6.5	12.5	6.7	38.9	101.2
20Jan16	21:33	12.3	6.5	12.5	6.7	36.5	103.6
20Jan16	21:34	12.3	6.6	12.5	6.7	37.0	103.4
20Jan16	21:35	12.3	6.5	12.5	6.7	36.9	105.0
20Jan16	21:36	12.2	6.5	12.5	6.7	36.3	102.4
20Jan16	21:37	12.2	6.5	12.5	6.7	38.2	105.5
20Jan16	21:38	12.2	6.5	12.5	6.7	39.4	106.6
20Jan16	21:39	12.2	6.5	12.5	6.7	38.0	104.9
20Jan16	21:40	12.3	6.5	12.5	6.7	39.3	106.5
20Jan16	21:41	12.2	6.7	12.5	6.9	37.7	105.2
20Jan16	21:42	12.3	6.5	12.6	6.7	36.9	103.7
20Jan16	21:43	12.2	6.5	12.5	6.7	36.6	104.5
20Jan16	21:44	12.2	6.5	12.5	6.7	35.6	103.6
20Jan16	21:45	12.2	6.4	12.5	6.6	37.2	105.8
20Jan16	21:46	12.3	6.6	12.5	6.8	36.9	104.3
20Jan16	21:47	12.2	6.4	12.4	6.6	35.3	106.5
20Jan16	21:48	12.2	6.5	12.5	6.6	36.9	107.4
20Jan16	21:49	12.2	6.6	12.5	6.8	36.3	107.0
20Jan16	21:50	12.2	6.5	12.5	6.7	37.0	104.3
20Jan16	21:51	12.2	6.5	12.5	6.7	39.5	107.7
20Jan16	21:52	12.2	6.6	12.5	6.6	36.4	107.3
20Jan16	21:53	12.2	6.6	12.5	6.8	35.7	106.2
20Jan16	21:54	12.3	6.5	12.5	6.7	36.7	107.7
20Jan16	21:55	12.2	6.6	12.5	6.8	36.1	107.6
20Jan16	21:56	12.3	6.6	12.6	6.9	36.3	105.9
20Jan16	21:57	12.3	6.7	12.6	6.8	37.3	104.2
20Jan16	21:58	12.3	6.7	12.6	6.9	36.5	105.1
20Jan16	21:59	12.3	6.7	12.6	6.9	36.6	104.6
20Jan16	22:00	12.3	6.7	12.6	6.8	38.7	105.7
20Jan16	22:01	12.3	6.7	12.6	6.9	38.5	105.9
20Jan16	22:02	12.3	6.7	12.6	6.8	37.6	105.1
20Jan16	22:03	12.3	6.6	12.6	6.8	39.3	104.2
20Jan16	22:04	12.3	6.7	12.6	7.0	38.1	104.9
20Jan16	22:05	12.4	6.7	12.6	6.9	36.8	107.3
20Jan16	22:06	12.4	6.8	12.6	7.0	38.4	105.5
20Jan16	22:07	12.3	6.7	12.6	6.9	35.7	104.8
20Jan16	22:08	12.3	6.8	12.6	7.0	34.8	103.8
20Jan16	22:09	12.3	6.6	12.6	6.8	35.8	108.7
20Jan16	22:10	12.3	6.8	12.6	6.9	36.6	105.0
20Jan16	22:11	12.4	6.7	12.6	6.8	37.3	106.5
20Jan16	22:12	12.3	6.7	12.6	6.9	38.1	107.4
20Jan16	22:13	12.3	6.7	12.6	6.8	37.8	108.1
20Jan16	22:14	12.3	6.6	12.6	6.9	40.1	109.0
20Jan16	22:15	12.3	6.7	12.6	6.8	39.2	105.5
20Jan16	22:16	12.4	6.7	12.6	6.9	40.5	106.7
20Jan16	22:17	12.4	6.7	12.6	6.9	39.4	106.1
20Jan16	22:18	12.4	6.7	12.6	6.8	40.4	106.1
20Jan16	22:19	12.3	6.5	12.6	6.7	39.6	107.0
20Jan16	22:20	12.4	6.8	12.6	6.9	39.4	109.1
20Jan16	22:21	12.3	6.6	12.6	6.9	40.2	106.3
20Jan16	22:22	12.4	6.7	12.6	7.0	41.8	106.2
20Jan16	22:23	12.5	6.8	12.7	7.0	38.9	107.4
20Jan16	22:24	12.4	6.7	12.7	6.9	38.9	109.4
20Jan16	22:25	12.4	6.8	12.7	6.9	36.2	108.2
20Jan16	22:26	12.4	6.8	12.7	7.0	40.2	107.8
20Jan16	22:27	12.4	6.7	12.7	6.9	38.2	105.9
20Jan16	22:28	12.4	6.7	12.7	6.9	37.6	107.9
20Jan16	22:29	12.4	6.7	12.7	6.9	38.8	109.7
20Jan16	22:30	12.4	6.6	12.7	6.6	38.1	107.8
20Jan16	22:31	12.4	6.7	12.7	6.9	37.2	107.8
20Jan16	22:32	12.4	6.6	12.7	6.8	39.8	107.9
20Jan16	22:33	12.4	6.7	12.7	6.9	38.5	106.8
20Jan16	22:34	12.4	6.7	12.7	6.9	39.2	107.0
20Jan16	22:35	12.4	6.7	12.7	6.9	40.5	107.1
20Jan16	22:36	12.4	6.7	12.7	6.9	40.1	109.9
20Jan16	22:37	12.4	6.7	12.7	6.9	39.9	109.1
20Jan16	22:38	12.4	6.6	12.7	6.8	37.0	107.0
20Jan16	22:39	12.4	6.7	12.7	6.9	37.5	107.4
20Jan16	22:40	12.4	6.6	12.7	6.9	37.6	107.8
20Jan16	22:41	12.4	6.6	12.7	6.9	37.7	107.8
20Jan16	22:42	12.4	6.7	12.7	6.8	38.2	106.1
20Jan16	22:43	12.4	6.7	12.6	6.9	39.7	109.4
20Jan16	22:44	12.5	6.8	12.8	7.0	39.2	111.0
20Jan16	22:45	12.5	6.8	12.8	7.0	40.4	111.7
20Jan16	22:46	12.5	6.8	12.8	7.0	39.9	109.6
20Jan16	22:47	12.5	6.7	12.7	6.9	39.5	109.1
20Jan16	22:48	12.5	6.7	12.7	6.9	39.4	109.7
20Jan16	22:49	12.5	6.8	12.8	7.0	38.7	108.0
20Jan16	22:50	12.5	6.9	12.8	7.1	40.2	108.4
20Jan16	22:51	12.5	6.7	12.7	6.8	40.2	110.3
20Jan16	22:52	12.5	6.8	12.8	7.0	40.8	111.0
20Jan16	22:53	12.5	6.8	12.8	7.1	40.5	109.1
20Jan16	22:54	12.5	6.7	12.7	6.9	36.9	108.6
20Jan16	22:55	12.5	6.8	12.8	6.9	37.6	109.6
20Jan16	22:56	12.5	6.8	12.8	6.9	39.7	109.1
20Jan16	22:57	12.5	6.7	12.7	6.9	39.2	109.3
20Jan16	22:58	12.5	6.8	12.8	7.0	38.1	108.6
20Jan16	22:59	12.5	6.7	12.7	6.9	39.1	109.1
20Jan16	23:00	12.5	6.7	12.7	7.0	40.8	107.2
20Jan16	23:01	12.5	6.7	12.7	6.9	41.9	109.2
20Jan16	23:02	12.5	6.7	12.7	6.9	38.9	109.8
20Jan16	23:03	12.5	6.6	12.7	6.9	40.6	109.4
20Jan16	23:04	12.5	6.8	12.8	7.0	37.8	112.1
20Jan16	23:05	12.5	6.8	12.7	7.0	39.0	108.6
20Jan16	23:06	12.5	6.8	12.7	6.8	40.5	106.6
20Jan16	23:07	12.5	6.8	12.7	6.9	40.2	108.1
20Jan16	23:08	12.5	6.8	12.7	6.9	40.8	108.8
20Jan16	23:09	12.6	7.0	12.8	7.1	40.8	107.7
20Jan16	23:10	12.6	6.8	12.8	7.0	38.3	110.1
20Jan16	23:11	12.6	6.8	12.8	7.0	40.2	111.0
20Jan16	23:12	12.6	6.9	12.8	7.0	39.9	113.0
20Jan16	23:13	12.6	6.8	12.8	7.0	39.0	111.4
20Jan16	23:14	12.6	6.9	12.8	7.0	38.6	106.8
20Jan16	23:15	12.6	6.8	12.8	7.1	40.5	110.0
20Jan16	23:16	12.6	6.9	12.8	7.1	39.4	111.4
20Jan16	23:17	12.6	6.9	12.9	7.1	40.2	112.5
20Jan16	23:18	12.6	7.0	12.9	7.2	37.3	111.9
20Jan16	23:19	12.6	6.7	12.8	7.0	39.6	108.4
20Jan16	23:20	12.6	6.8	12.8	7.2	37.9	109.1
20Jan16	23:21	12.6	6.9	12.8	7.1	38.9	108.5
20Jan16	23:22	12.6	6.9	12.8	7.1	38.7	109.1
20Jan16	23:23	12.5	6.8	12.8	6.9	36.9	109.2
20Jan16	23:24	12.5	6.7	12.8	6.9	37.9	110.6
20Jan16	23:25	12.6	6.8	12.8	7.0	39.1	108.7
20Jan16	23:26	12.6	6.9	12.8	7.1	38.7	110.5
20Jan16	23:27	12.5	6.9	12.8	7.0	37.7	112.1
20Jan16	23:28	12.6	6.9	12.8	7.1	39.0	113.9
20Jan16	23:29	12.6	6.9	12.8	7.0	38.6	111.7
20Jan16	23:30	12.5	7.0	12.9	7.2	41.3	113.4
20Jan16	23:31	12.6	6.9	12.8	7.1	39.6	109.8
20Jan16	23:32	12.6	6.8	12.8	7.0	39.3	109.1
20Jan16	23:33	12.6	6.9	12.8	7.1	40.2	110.3
20Jan16	23:34	12.6	6.9	12.8	7.1	38.2	111.1
20Jan16	23:35	12.6	6.9	12.8	7.1	39.2	108.3
20Jan16	23:36	12.6	6.9	12.8	7.1	38.9	111.9
20Jan16	23:37	12.6	6.8	12.8	7.1	38.4	109.1
20Jan16	23:38	12.6	6.8	12.8	7.0	42.7	110.1
20Jan16	23:39	12.6	6.9	12.8	7.1	39.4	108.7
20Jan16	23:40	12.6	6.7	12.8	6.9	40.4	110.0
20Jan16	23:41	12.6	7.0	12.8	7.2	41.3	112.9
20Jan16	23:42	12.8	7.1	13.0	7.4	41.0	109.3
20Jan16	23:43	12.7	7.0	12.9	7.2	38.9	109.7
20Jan16	23:44	12.8	7.1	13.0	7.2	40.5	112.2
20Jan16	23:45	12.7	7.0	13.0	7.3	39.9	110.4
20Jan16	23:46	12.7	7.0	13.0	7.2	40.2	110.3
20Jan16	23:47	12.7	7.0	12.9	7.2	41.0	109.7
20Jan16	23:48	12.7	7.0	13.0	7.1	41.2	111.5
20Jan16	23:49	12.7	7.0	13.0	7.2	42.1	110.5
20Jan16	23:50	12.7	7.0	12.9	7.2	42.6	111.9
20Jan16	23:51	12.7	7.0	13.0	7.2	42.8	110.9
20Jan16	23:52	12.8	7.0	12.9	7.2	40.8	111.5
20Jan16	23:53	12.7	7.0	12.9	7.1	42.0	110.7
20Jan16	23:54	12.7	7.1	13.0	7.4	41.4	111.0
20Jan16	23:55	12.7	7.0	13.0	7.2	40.1	114.5
20Jan16	23:56	12.8	7.1	13.0	7.3	39.0	109.7
20Jan16	23:57	12.7	7.0	13.0	7.1	37.8	110.6
20Jan16	23:58	12.7	6.9	12.9	7.0	41.1	112.3
20Jan16	23:59	12.7	6.9	13.0	7.1	40.0	112.1
21Jan16	00:00	12.7	6.9	12.9	7.1	39.8	111.2
21Jan16	00:01	12.7	7.0	13.0	7.2	41.5	112.2
21Jan16	00:02	12.7	6.9	13.0	7.2	39.2	111.1
21Jan16	00:03	12.7	7.0	12.9	7.2	41.8	112.3
21Jan16	00:04	12.7	6.9	13.0	7.2	40.2	111.5
21Jan16	00:05	12.7	6.9	12.9	7.1	40.8	111.6
21Jan16	00:06	12.7	7.1	13.0	7.3	41.3	113.6
21Jan16	00:07	12.8	7.0	12.9	7.2	41.5	110.9
21Jan16	00:08	12.7	6.9	13.0	7.2	40.1	112.6
21Jan16	00:09	12.7	6.9	13.0	7.1	40.6	111.1
21Jan16	00:10	12.8	7.1	13.0	7.3	40.2	111.7
21Jan16	00:11	12.7	6.9	12.9	7.0	40.3	114.8
21Jan16	00:12	12.7	6.9	13.0	7.2	41.0	112.3
21Jan16	00:13	12.7	6.9	13.0	7.1	41.1	110.1
21Jan16	00:14	12.7	7.0	13.0	7.2	39.2	112.9
21Jan16	00:15	12.7	7.0	13.0	7.2	40.2	111.9
21Jan16	00:16	12.7	6.9	13.0	7.1	41.4	113.3
21Jan16	00:17	12.7	7.0	13.0	7.1	40.4	112.3
21Jan16	00:18	12.7	6.9	13.0	7.1	38.8	112.6
21Jan16	00:19	12.7	6.9	13.0	7.1	39.9	111.3
21Jan16	00:20	12.8	7.1	13.0	7.3	39.6	111.5
21Jan16	00:21	12.8	7.0	13.0	7.2	39.5	113.1
21Jan16	00:22	12.8	7.0	13.0	7.2	41.0	112.8
21Jan16	00:23	12.8	7.0	13.0	7.2	39.7	110.1
21Jan16	00:24	12.8	7.0	13.0	7.2	39.1	115.5
21Jan16	00:25	12.8	7.0	13.0	7.3	39.4	113.3
21Jan16	00:26	12.8	7.1	13.0	7.4	40.0	112.3
21Jan16	00:27	12.8	7.1	13.0	7.4	40.3	113.9
21Jan16	00:28	12.8	7.1	13.0	7.2	40.7	112.1
21Jan16	00:29	12.8	6.9	13.0	7.1	40.4	113.3
21Jan16	00:30	12.8	7.1	13.0	7.3	40.2	113.3
21Jan16	00:31	12.8	7.1	13.0	7.2	39.8	113.2
21Jan16	00:32	12.8	7.1	13.0	7.3	42.5	113.2
21Jan16	00:33	12.8	7.1	13.0	7.3	40.8	112.6
21Jan16	00:34	12.8	7.2	13.0	7.3	42.6	112.4
21Jan16	00:35	12.8	7.2	13.1	7.4	41.6	115.2
21Jan16	00:36	12.8	7.1	13.0	7.4	41.1	111.8
21Jan16	00:37	12.9	7.2	13.0	7.3	43.2	107.2
21Jan16	00:38	12.9	7.1	13.0	7.3	41.1	110.7
21Jan16	00:39	12.8	7.1	13.0	7.4	41.3	110.5
21Jan16	00:40	12.8	6.9	13.0	7.1	40.2	111.4
21Jan16	00:41	12.9	7.1	13.0	7.3	42.3	111.3
21Jan16	00:42	12.8	7.0	13.0	7.3	40.0	111.8
21Jan16	00:43	12.8	7.1	13.0	7.4	40.4	111.9
21Jan16	00:44	12.8	7.0	13.0	7.2	41.6	111.0
21Jan16	00:45	12.8	7.1	13.0	7.3	41.0	113.2
21Jan16	00:46	12.8	7.1	13.0	7.3	40.7	114.0
21Jan16	00:47	12.8	7.1	13.0	7.3	42.1	114.0
21Jan16	00:48	12.8	7.0	13.0	7.3	39.5	114.4
21Jan16	00:49	12.8	7.0	13.0	7.2	41.5	117.7
21Jan16	00:50	12.8	7.0	13.0	7.2	40.6	116.4
21Jan16	00:51	12.9	7.1	13.0	7.2	41.5	115.5
21Jan16	00:52	12.9	7.1	13.1	7.4	43.1	115.9
21Jan16	00:53	12.9	7.1	13.1	7.3	43.5	114.6
21Jan16	00:54	12.9	7.1	13.1	7.3	41.3	112.8
21Jan16	00:55	12.9	7.2	13.1	7.3	42.4	116.9
21Jan16	00:56	12.9	7.1	13.1	7.4	40.4	115.8
21Jan16	00:57	12.9	7.2	13.1	7.4	40.8	115.8
21Jan16	00:58	12.9	7.3	13.1	7.5	39.5	114.6
21Jan16	00:59	12.9	7.1	13.0	7.3	40.9	112.9
21Jan16	01:00	12.9	7.1	13.1	7.3	41.4	116.9
21Jan16	01:01	12.9	7.1	13.1	7.4	43.6	117.1
21Jan16	01:02	12.9	7.2	13.1	7.3	42.2	114.2
21Jan16	01:03	12.9	7.1	13.1	7.4	41.1	115.8
21Jan16	01:04	12.9	7.1	13.1	7.4	39.9	116.8
21Jan16	01:05	12.9	7.2	13.1	7.5	42.1	119.9
21Jan16	01:06	12.9	7.2	13.1	7.3	42.4	114.8
21Jan16	01:07	12.9	7.2	13.1	7.4	41.1	117.1
21Jan16	01:08	12.9	7.2	13.1	7.4	42.4	116.8
21Jan16	01:09	12.9	7.1	13.1	7.4	43.3	117.3
21Jan16	01:10	12.9	7.1	13.1	7.5	42.8	113.9
21Jan16	01:11	12.9	7.1	13.1	7.3	41.8	117.4
21Jan16	01:12	12.9	7.1	13.0	7.2	41.2	115.1
21Jan16	01:13	12.9	7.3	13.1	7.5	41.9	113.0
21Jan16	01:14	12.9	7.2	13.1	7.3	42.5	115.2
21Jan16	01:15	12.9	7.1	13.0	7.1	41.7	115.5
21Jan16	01:16	12.9	7.1	13.1	7.2	41.1	116.2
21Jan16	01:17	13.0	7.1	13.0	7.3	43.8	114.2
21Jan16	01:18	12.9	7.1	13.1	7.3	43.7	118.0
21Jan16	01:19	12.9	7.2	13.1	7.4	42.3	116.1
21Jan16	01:20	12.9	7.2	13.1	7.4	41.2	116.1
21Jan16	01:21	13.0	7.3	13.1	7.5	42.8	116.8
21Jan16	01:22	12.9	7.1	13.1	7.3	42.0	116.1
21Jan16	01:23	12.9	7.2	13.1	7.4	42.1	115.5
21Jan16	01:24	13.0	7.3	13.2	7.4	42.8	116.8
21Jan16	01:25	13.0	7.3	13.2	7.5	41.0	116.1
21Jan16	01:26	13.0	7.2	13.2	7.5	41.9	116.5
21Jan16	01:27	13.0	7.3	13.2	7.4	42.4	117.2
21Jan16	01:28	13.0	7.3	13.2	7.5	42.7	115.6
21Jan16	01:29	13.0	7.3	13.2	7.4	43.7	116.0
21Jan16	01:30	13.0	7.3	13.2	7.4	42.9	117.4
21Jan16	01:31	13.0	7.3	13.2	7.4	41.4	116.2
21Jan16	01:32	13.0	7.2	13.2	7.3	41.4	115.5
21Jan16	01:33	13.0	7.2	13.2	7.4	44.4	116.0
21Jan16	01:34	13.0	7.1	13.1	7.3	41.7	115.8
21Jan16	01:35	13.0	7.2	13.1	7.4	41.8	116.1
21Jan16	01:36	13.0	7.2	13.1	7.5	42.1	117.7
21Jan16	01:37	13.0	7.3	13.2	7.5	41.8	114.2
21Jan16	01:38	13.0	7.2	13.2	7.4	44.3	117.0
21Jan16	01:39	13.0	7.2	13.2	7.5	44.9	115.3
21Jan16	01:40	13.0	7.2	13.2	7.5	41.9	115.1
21Jan16	01:41	13.0	7.3	13.2	7.5	41.5	115.5
21Jan16	01:42	13.0	7.2	13.2	7.3	41.1	117.4
21Jan16	01:43	13.0	7.2	13.2	7.5	43.0	117.4
21Jan16	01:44	13.0	7.3	13.2	7.4	42.7	119.0
21Jan16	01:45	13.0	7.3	13.2	7.5	43.7	117.6
21Jan16	01:46	13.0	7.2	13.2	7.5	42.0	115.4
21Jan16	01:47	13.0	7.2	13.2	7.4	43.1	115.4
21Jan16	01:48	13.0	7.2	13.2	7.4	43.2	118.3
21Jan16	01:49	13.0	7.2	13.2	7.5	43.0	117.1
21Jan16	01:50	13.0	7.3	13.2	7.5	45.7	118.4
21Jan16	01:51	13.0	7.3	13.2	7.4	44.0	114.9
21Jan16	01:52	13.0	7.3	13.2	7.5	41.8	117.7
21Jan16	01:53	13.0	7.3	13.2	7.4	41.8	116.3
21Jan16	01:54	13.0	7.2	13.2	7.5	41.1	116.9
21Jan16	01:55	13.0	7.2	13.2	7.4	41.5	116.7
21Jan16	01:56	13.0	7.2	13.2	7.5	40.9	117.4
21Jan16	01:57	13.0	7.3	13.2	7.4	41.3	115.8
21Jan16	01:58	13.1	7.3	13.3	7.6	42.0	115.1
21Jan16	01:59	13.1	7.5	13.3	7.7	40.5	114.0
21Jan16	02:00	13.0	7.3	13.3	7.5	41.5	116.2
21Jan16	02:01	13.1	7.3	13.3	7.5	42.8	115.2
21Jan16	02:02	13.0	7.5	13.3	7.6	40.6	116.1
21Jan16	02:03	13.1	7.4	13.3	7.5	42.8	116.5
21Jan16	02:04	13.0	7.3	13.2	7.5	42.8	116.9
21Jan16	02:05	13.0	7.4	13.3	7.6	42.0	117.0
21Jan16	02:06	13.0	7.3	13.3	7.5	42.8	117.8
21Jan16	02:07	13.0	7.2	13.2	7.4	43.2	118.1
21Jan16	02:08	13.0	7.3	13.2	7.5	46.4	118.3
21Jan16	02:09	13.0	7.4	13.3	7.6	42.8	116.1
21Jan16	02:10	13.1	7.4	13.3	7.6	41.9	118.2
21Jan16	02:11	13.0	7.3	13.3	7.5	42.0	117.8
21Jan16	02:12	13.0	7.3	13.2	7.5	44.0	119.0
21Jan16	02:13	13.1	7.4	13.3	7.6	44.2	119.7
21Jan16	02:14	13.0	7.4	13.3	7.5	43.4	119.9
21Jan16	02:15	13.0	7.3	13.2	7.5	43.8	118.4
21Jan16	02:16	13.0	7.3	13.2	7.5	43.4	118.9
21Jan16	02:17	13.0	7.3	13.3	7.5	43.9	118.1
21Jan16	02:18	13.1	7.3	13.2	7.5	43.2	118.7
21Jan16	02:19	13.0	7.3	13.2	7.5	43.4	117.1
21Jan16	02:20	13.0	7.4	13.2	7.5	42.2	118.7
21Jan16	02:21	13.0	7.3	13.3	7.5	44.9	120.0
21Jan16	02:22	13.0	7.3	13.3	7.5	45.7	119.6
21Jan16	02:23	13.1	7.3	13.2	7.4	43.5	117.1
21Jan16	02:24	13.0	7.4	13.3	7.6	43.6	118.8
21Jan16	02:25	13.1	7.3	13.2	7.5	45.3	118.4
21Jan16	02:26	13.0	7.2	13.2	7.4	42.4	121.3
21Jan16	02:27	13.0	7.2	13.3	7.5	42.9	118.7
21Jan16	02:28	13.1	7.3	13.3	7.5	43.4	118.4
21Jan16	02:29	13.0	7.4	13.3	7.6	42.8	116.9
21Jan16	02:30	13.2	7.3	13.3	7.5	43.8	116.1
21Jan16	02:31	13.2	7.4	13.3	7.5	45.6	117.4
21Jan16	02:32	13.1	7.4	13.3	7.5	42.3	117.8
21Jan16	02:33	13.1	7.5	13.4	7.7	43.4	116.5
21Jan16	02:34	13.1	7.3	13.3	7.4	43.7	116.8
21Jan16	02:35	13.1	7.3	13.3	7.5	43.3	117.8
21Jan16	02:36	13.1	7.4	13.4	7.5	42.3	119.4
21Jan16	02:37	13.1	7.4	13.3	7.5	42.4	118.7
21Jan16	02:38	13.1	7.3	13.3	7.5	44.3	119.0
21Jan16	02:39	13.1	7.3	13.3	7.5	41.9	120.2
21Jan16	02:40	13.2	7.4	13.4	7.6	42.1	120.5
21Jan16	02:41	13.1	7.5	13.4	7.6	43.3	118.1
21Jan16	02:42	13.1	7.4	13.4	7.7	44.4	119.0
21Jan16	02:43	13.2	7.3	13.4	7.6	43.6	120.6
21Jan16	02:44	13.1	7.4	13.4	7.5	42.8	120.2
21Jan16	02:45	13.2	7.4	13.4	7.5	45.4	120.8
21Jan16	02:46	13.2	7.4	13.4	7.6	42.1	121.8
21Jan16	02:47	13.2	7.4	13.4	7.5	41.9	119.1
21Jan16	02:48	13.1	7.3	13.4	7.6	44.0	119.7
21Jan16	02:49	13.2	7.3	13.4	7.5	44.4	122.2
21Jan16	02:50	13.1	7.4	13.4	7.5	43.3	121.3
21Jan16	02:51	13.2	7.4	13.4	7.6	44.1	120.3
21Jan16	02:52	13.2	7.4	13.4	7.5	45.0	120.6
21Jan16	02:53	13.2	7.3	13.4	7.5	44.1	120.3
21Jan16	02:54	13.2	7.4	13.4	7.5	41.5	120.5
21Jan16	02:55	13.2	7.3	13.4	7.5	45.0	120.0
21Jan16	02:56	13.2	7.4	13.4	7.6	45.6	120.3
21Jan16	02:57	13.2	7.3	13.4	7.5	42.1	120.7
21Jan16	02:58	13.2	7.4	13.4	7.6	45.7	120.8
21Jan16	02:59	13.2	7.4	13.4	7.6	44.5	121.9
21Jan16	03:00	13.2	7.3	13.4	7.5	42.9	121.0
21Jan16	03:01	13.2	7.4	13.4	7.5	44.6	121.9
21Jan16	03:02	13.2	7.3	13.4	7.5	43.1	117.2
21Jan16	03:03	13.1	7.3	13.4	7.5	43.6	118.1
21Jan16	03:04	13.2	7.3	13.4	7.5	44.6	118.4
21Jan16	03:05	13.1	7.3	13.4	7.5	45.3	121.6
21Jan16	03:06	13.2	7.4	13.4	7.5	44.1	118.4
21Jan16	03:07	13.1	7.3	13.4	7.5	43.7	120.2
21Jan16	03:08	13.2	7.3	13.4	7.5	43.1	118.7
21Jan16	03:09	13.2	7.3	13.4	7.5	44.5	119.7
21Jan16	03:10	13.2	7.3	13.4	7.5	45.4	121.2
21Jan16	03:11	13.2	7.3	13.3	7.5	42.8	118.7
21Jan16	03:12	13.2	7.4	13.4	7.5	43.0	120.3
21Jan16	03:13	13.2	7.3	13.4	7.5	42.4	118.1
21Jan16	03:14	13.2	7.4	13.5	7.6	42.8	120.6
21Jan16	03:15	13.3	7.4	13.5	7.5	44.9	121.8
21Jan16	03:16	13.3	7.4	13.5	7.5	44.5	120.4
21Jan16	03:17	13.3	7.4	13.5	7.6	42.4	120.3
21Jan16	03:18	13.3	7.4	13.5	7.7	42.4	119.4
21Jan16	03:19	13.3	7.3	13.4	7.5	43.7	116.2
21Jan16	03:20	13.3	7.5	13.5	7.7	42.3	118.7
21Jan16	03:21	13.2	7.5	13.5	7.6	43.2	119.7
21Jan16	03:22	13.3	7.4	13.5	7.6	43.1	120.5
21Jan16	03:23	13.2	7.4	13.5	7.6	42.7	118.7
21Jan16	03:24	13.2	7.4	13.4	7.5	43.7	118.7
21Jan16	03:25	13.2	7.4	13.5	7.5	43.3	121.3
21Jan16	03:26	13.2	7.3	13.4	7.5	43.0	119.4
21Jan16	03:27	13.2	7.5	13.5	7.5	43.5	118.6
21Jan16	03:28	13.2	7.4	13.5	7.7	44.3	118.5
21Jan16	03:29	13.3	7.5	13.5	7.7	42.9	118.8
21Jan16	03:30	13.3	7.5	13.5	7.8	44.4	117.6
21Jan16	03:31	13.3	7.4	13.4	7.5	45.0	120.5
21Jan16	03:32	13.3	7.5	13.4	7.6	45.5	120.4
21Jan16	03:33	13.3	7.5	13.5	7.6	44.0	122.2
